3261.07349272
3139.65365244
3474.54200824
3396.71436717
3336.80415876
3283.10222284
3296.81480811
3576.16069611
3397.54982804
3304.87687065
3124.32887483
3458.16634342
3296.27398971
3309.41594032
3660.8764539
3652.14460045
3241.92423061
3297.57240245
3394.47270705
3345.5457297
3705.77308645
3155.32969688
3251.38984342
3254.78535877
3153.98219929
3344.92552681
3474.24015951
3555.15677331
3282.19666443
3161.00272879
3254.40712238
3229.03833973
3127.24246146
3429.76775152
3234.43464909
3300.67684141
3206.91177293
3444.3693355
3313.69447308
43.6637500986
3522.43664375
3400.62043955
3397.29405578
3334.71202155
3379.05206734
3399.83702669
3778.04807431
3262.44779545
3374.90249395
3837.67734819
3158.21166528
3431.86833421
3155.89177273
3227.23165717
3218.04212249
3443.0422855
3595.00743346
3374.79998032
3148.75685178
3258.20373644
3466.90216207
3345.02773913
3121.28607674
3341.08856157
3617.51141135
3148.27351193
3416.60228005
3276.6944572
3473.38148942
3104.53295721
3201.83700974
3511.05443082
3544.47396655
3302.50825808
3252.40732528
3381.23876102
3178.2836923
3166.24171006
3248.38041032
3149.96035561
3412.10546962
3203.39197611
3368.79204652
3562.00219375
3156.67711975
3252.79892416
3143.02578617
3382.5617655
3251.55341114
3133.18509527
3626.81206047
3430.05605818
3456.71992059
3289.3784403
3647.67583015
3258.92982245
3146.66832697
3427.53685954
3752.41321989
3276.0938531
3420.8017018
3339.25718236
3301.70108124
3347.00146567
3347.47067923
3292.83990038
3254.96343697
3254.63326178
3627.02110475
3816.80363197
3261.6261923
3197.69298683
3368.05141554
3179.66808802
3181.51815645
3320.78596668
3133.63297549
3300.8864382
3577.33163103
3398.25907266
3390.99141437
3712.03609277
3473.71397206
3329.17694484
3334.92955024
3280.85771662
3312.56585792
3376.53880409
3277.34819542
3464.47493647
3271.15878814
1369.69009488
1766.72781539
1578.81758436
1795.55977537
1398.30494811
1502.12852304
1190.19994741
1301.99794075
958.648990253
1544.98045659
806.718495421
1873.47888024
1275.25339348
2046.74156448
2136.41703861
796.847074717
2032.7248187
1093.33818443
966.654764958
2275.39147688
1115.2991467
943.353214428
1469.44435584
700.753654219
1679.36185559
1732.01808111
1485.98674096
1237.3281666
1132.72091464
1590.01086887
1973.53767272
1077.44095649
1196.86564591
2233.39000085
1145.65663864
1173.92236528
2334.19324705
1506.21260371
1087.00178546
1504.1128609
1729.83205083
1423.91594606
1459.68385675
711.235651363
2667.95236759
1388.17833013
1257.53454749
782.951207727
1377.27313566
855.454029546
567.492479945
1304.48716048
1330.73775177
1764.52343584
1429.56803267
1502.35696379
1868.88546753
945.426277698
1496.75802488
1829.16749165
1470.09015184
1403.79339713
689.283511984
1757.06785531
1652.18537031
1043.98558249
2049.22211479
1051.67449546
1401.10341334
1027.90922672
2990.37408002
3065.0916267
2932.23904659
3015.00707766
901.178739839
1672.55369592
1815.7600478
1483.62875043
1530.10334675
1592.75648421
1678.27249642
1343.19664531
1607.17137606
802.018666958
1380.75177623
1866.14916952
1307.32371767
1274.52068167
749.665745847
920.749400756
2380.73973005
1510.47553318
898.21038419
761.554871429
1217.99433772
1101.07643424
931.854381384
1229.35331556
1248.28721696
1552.7741003
939.582881834
1444.41848216
934.62690704
809.122901064
1918.32039226
1180.63960496
1548.21543874
1417.79742807
1877.65613141
1766.29149628
1361.95062511
1686.8246128
1799.68537211
1542.36008144
2034.83344876
1520.72334474
1354.81255581
1176.20809961
3058.26468652
650.59250527
362.501625051
1044.76208088
3064.69345335
3091.4289813
2249.21021035
1789.01234878
1541.55660064
1519.0257391
3088.3676378
1875.60793104
1358.62133765
1627.13728494
1047.33203416
2111.00410744
1918.30687473
1203.51748978
1088.28159064
1629.19838546
2293.67645205
3011.4150963
3108.26787599
1059.66900528
3071.62540657
787.938000267
1413.91521539
1545.85940148
1587.77562278
1195.44975601
1578.7748185
1496.68340357
751.647848167
2001.52047954
930.969986344
1459.74275632
948.424555958
1121.49202523
1349.94593958
1773.14020521
1606.87570821
1803.8798352
1500.55536126
1561.65807375
1885.83209161
2018.03889644
720.027622751
808.385522448
578.971238635
1385.98884553
1471.36622165
1627.5737714
1750.25033811
1339.75468804
1905.17836615
2236.6536192
2168.56916975
1774.60803092
993.091702585
1266.43272737
1514.45635752
733.707510049
1936.98655956
1010.2632653
1444.90704561
934.937909177
769.847638013
1935.52865675
336.727063802
1302.97944179
1310.57532146
1481.27556528
1336.34210309
2042.78769321
1162.51462885
1018.73462125
1356.25898914
1767.65241141
1565.41566169
1416.7744665
938.198207138
1859.3195412
2184.07456344
1074.00419134
1011.17743646
1938.01462695
1428.00079802
1308.61255395
1302.94038452
2380.62625458
1549.7142849
1771.96728683
697.311603148
1028.43240663
1021.79675388
1629.59946329
1062.31729062
917.130282693
1602.53077737
1456.8553392
1391.84576358
1693.88372419
1549.16310401
1389.32927497
1204.7023476
888.935509476
1502.36949938
1488.43099909
1336.21189668
1861.4090323
1318.59019114
1833.57294401
593.326065383
1618.96988939
1707.9365773
1495.60187822
1127.43590733
1749.87071111
1824.39396241
1773.66153523
2041.89536604
1258.89563755
1602.99103928
798.846496041
1359.55611458
1008.65193898
809.857902813
1188.21887749
1392.92849653
940.425921804
773.654234224
1475.50478492
1979.31732678
1832.19163809
752.799982601
1210.69713516
1712.2612305
729.510075003
742.949233167
1176.22845455
830.356460191
1724.26203957
1439.89868775
1296.77505103
1553.08715268
1668.59695565
1476.0174781
881.982502566
1621.09016474
1680.17390177
959.618517477
1873.04460729
923.284323957
2054.60313253
1406.46831937
1689.98222911
1219.26188442
1822.46066419
2219.64813918
1878.35808164
1228.21719859
2226.99034151
1632.50871053
1114.16674321
2250.49726254
1709.97844805
1245.88130794
1105.44720334
3025.08987888
1903.8867468
1759.06627594
1968.03297744
732.691364177
1173.34384821
222.379125838
1739.57842376
1516.38912962
1718.14710659
1610.66977098
1207.44353857
1413.94203356
877.050946176
1730.08858278
1295.04399249
1562.86697138
869.397549297
1719.96749684
2218.30725958
1550.1721042
1466.45330649
2074.55451167
1533.36215393
729.411421567
1421.20154809
947.821769048
1546.90992418
1428.4081646
1500.28753888
519.284410103
1330.8649861
1057.51865253
1197.27582514
1478.37262277
1503.87478028
1798.04544271
1470.166536
1799.66500915
797.49270371
1207.38845761
787.338621647
2249.20162363
1120.18625679
1525.79634961
1389.55741352
1997.21379738
1873.94562911
745.98317118
1977.20431221
1481.9395688
1455.38152037
1080.36305176
999.066714974
1028.77434194
1861.96035255
1220.51730967
811.649092814
1488.1930499
1648.37059228
751.201127007
1702.5396594
759.458008867
1163.90376386
1404.82152239
1400.0133416
1948.10563452
1731.54891895
1854.68003225
2232.35468858
1258.87971389
1101.22771445
2067.06580741
1186.34615929
1076.71153787
1071.30435425
47.2226748571
2392.270821
1903.59857605
1403.82320067
1467.10143542
2667.16676432
1402.18648037
690.794350647
1179.72855779
1472.46559996
1588.4553663
1047.70998935
1363.72063659
1420.229764
1273.98652362
830.198078823
1561.41943035
1320.84131672
1611.34238213
749.82703273
1360.54082635
1206.69131013
750.839455219
1689.31248187
1195.62782736
1491.9835488
1430.75911982
1650.5883862
1207.0737253
2366.80686764
1492.93343276
1902.33584304
1551.7674735
937.490186611
1074.30264965
1701.73972313
1299.79997522
735.898344208
1167.13723309
928.52991588
1997.37179407
3033.54821296
957.397768548
3075.20755552
1211.24624866
3065.09278965
3015.34597841
1576.00047457
2523.30248154
3084.12689049
1506.03272074
3122.81220798
3077.83238522
2974.30675028
3099.12195074
3101.01384545
